2.963215157454769357e+19
4.611144879830247834e+19
5.282623863075135488e+19
5.743586171543116186e+19
6.080085504545378304e+19
6.328953171750658048e+19
6.507891900084155187e+19
6.631379658372692378e+19
6.708081072900394189e+19
6.745902853094016614e+19
6.750835203651066266e+19
6.727044482922410803e+19
6.679054337431415194e+19
6.610012804260995072e+19
6.522688544923226931e+19
6.420919425347619226e+19
6.306823962942119936e+19
6.181926566847618253e+19
6.048120645115208499e+19
5.906786974663674266e+19
5.759557343308112691e+19
5.607852459613541171e+19
5.453065556482224947e+19
5.296079028200951808e+19
5.137650491573648589e+19
4.978700153496506368e+19
4.819954613989290803e+19
4.661911010832225075e+19
4.505534032904281293e+19
4.351340766693292442e+19
4.199109456331809587e+19
4.049000809640545485e+19
3.901639581288502886e+19
3.757519785009285530e+19
3.616791083016362394e+19
3.479435299913578906e+19
3.345433937948015002e+19
3.215145993846872064e+19
3.088445243306006528e+19
2.965490429806996685e+19
2.846225954945935360e+19
2.730536463703499981e+19
2.618462855172304077e+19
2.510113195162776371e+19
2.405247570064896819e+19
2.303960990013458842e+19
2.206147401540413030e+19
2.111823522294254387e+19
2.020756759663881421e+19
1.932837618521763021e+19
1.848084372555015373e+19
1.766404441974899712e+19
1.687645810664639078e+19
1.611769177137694925e+19
1.538686769932661760e+19
1.468309938203348582e+19
1.400457514583777894e+19
1.335099328357087846e+19
1.272318634440798413e+19
1.211914331212751258e+19
1.153847585600287539e+19
1.097939401768684954e+19
1.044190520259233792e+19
9.925036009091915776e+18
9.427775860064266240e+18
8.948438986570144768e+18
8.487801636154246144e+18
8.045468390935107584e+18
7.620639776741935104e+18
7.213107593929963520e+18
6.821768827320657920e+18
6.446253124855242752e+18
6.086269948210849792e+18
5.741258678832980992e+18
5.410590682956902400e+18
5.093309655834564608e+18
4.789760937452804096e+18
4.499475150148441088e+18
4.220683752706814976e+18
3.954605914572560896e+18
3.701343678763659776e+18
3.459810840900872192e+18
3.227967361652888576e+18
3.007298349296761344e+18
2.798127189724571648e+18
2.600026512433651200e+18
2.411451571078459904e+18
2.232090510068956928e+18
2.062488937545224704e+18
1.901725775292016896e+18
1.748845074430174464e+18
1.604704840294784256e+18
1.469184614962109440e+18
1.341547828517495552e+18
1.221668355291146240e+18
1.108833057462113024e+18
1.002499903254088064e+18
9.025673250700519680e+17
8.085525691490576640e+17
7.194877812229344000e+17
6.315299342637625600e+17
